  5   5   6   6  10  10  11  11  26  26  27  27  31  31  32  32  90  90  91  91  95  95  96  96 111 111 112 112 116 116 117 117
  5   4   4   6  10   9   9  11  26  25  25  27  31  30  30  32  90  89  89  91  95  94  94  96 111 110 110 112 116 115 115 117
  7   4   8   8  12  12   9  13  28  25  29  29  33  33  30  34  92  89  93  93  97  97  94  98 113 110 114 114 118 118 115 119
  7   7   8   3   3  12  13  13  28  28  29  24  24  33  34  34  92  92  93  88  88  97  98  98 113 113 114 109 109 118 119 119
 15  15  16   3  20  20  21  21  36  36  37  37  24  41  42  42 100 100 101  88 105 105 106 106 121 121 122 122 109 126 127 127
 15  14  16  16  20  19  19  21  36  35  35  37  41  41  40  42 100  99 101 101 105 104 104 106 121 120 120 122 126 126 125 127
 17  14  14  18  22  19  23  23  38  38  35  39  43  40  40  44 102  99  99 103 107 104 108 108 123 123 120 124 128 125 125 129
 17  17  18  18  22  22  23   2   2  38  39  39  43  43  44  44 102 102 103 103 107 107 108  87  87 123 124 124 128 128 129 129
 47  47  48  48  52  52  53   2  68  68  69  69  73  73  74  74 132 132 133 133 137 137 138 138  87 153 154 154 158 158 159 159
 47  46  46  48  52  51  53  53  68  67  67  69  73  72  72  74 132 131 131 133 137 136 136 138 153 153 152 154 158 157 157 159
 49  46  50  50  54  51  51  55  70  67  71  71  75  75  72  76 134 131 135 135 139 139 136 140 155 152 152 156 160 160 157 161
 49  49  50  45  54  54  55  55  70  70  71  66  66  75  76  76 134 134 135 130 130 139 140 140 155 155 156 156 151 160 161 161
 57  57  58  45  45  62  63  63  78  78  79  66  83  83  84  84 142 142 143 143 130 147 148 148 163 163 164 151 151 168 169 169
 57  56  58  58  62  62  61  63  78  77  79  79  83  82  82  84 142 141 141 143 147 147 146 148 163 162 164 164 168 168 167 169
 59  56  56  60  64  61  61  65  80  77  77  81  85  82  86  86 144 144 141 145 149 146 146 150 165 162 162 166 170 167 167 171
 59  59  60  60  64  64  65  65  80  80  81  81  85  85  86   1   1 144 145 145 149 149 150 150 165 165 166 166 170 170 171 171
175 175 176 176 180 180 181 181 196 196 197 197 201 201 202   1 260 260 261 261 265 265 266 266 281 281 282 282 286 286 287 287
175 174 174 176 180 179 179 181 196 195 195 197 201 200 202 202 260 259 259 261 265 264 264 266 281 280 280 282 286 285 285 287
177 174 178 178 182 182 179 183 198 195 199 199 203 200 200 204 262 259 263 263 267 267 264 268 283 280 284 284 288 288 285 289
177 177 178 173 173 182 183 183 198 198 199 194 203 203 204 204 262 262 263 258 258 267 268 268 283 283 284 279 279 288 289 289
185 185 186 173 190 190 191 191 206 206 207 194 194 211 212 212 270 270 271 271 258 275 276 276 291 291 292 292 279 296 297 297
185 184 186 186 190 189 189 191 206 205 207 207 211 211 210 212 270 269 269 271 275 275 274 276 291 290 290 292 296 296 295 297
187 184 184 188 192 189 193 193 208 205 205 209 213 210 210 214 272 272 269 273 277 274 274 278 293 293 290 294 298 295 295 299
187 187 188 188 192 192 193 172 208 208 209 209 213 213 214 214 272  -1 273 273 277 277 278 278 257 293 294 294 298 298 299 299
217 217 218 218 222 222 223 172 172 238 239 239 243 243 244 244 302 302 303 303 307 307 308 257 257 323 324 324 328 328 329 329
217 216 216 218 222 221 223 223 238 238 237 239 243 242 242 244 302 301 301 303 307 306 308 308 323 323 322 324 328 327 327 329
219 216 220 220 224 221 221 225 240 237 237 241 245 245 242 246 304 301 305 305 309 306 306 310 325 322 322 326 330 330 327 331
219 219 220 215 224 224 225 225 240 240 241 241 236 245 246 246 304 304 305 300 309 309 310 310 325 325 326 326 321 330 331 331
227 227 228 215 215 232 233 233 248 248 249 236 236 253 254 254 312 312 313 300 300 317 318 318 333 333 334 321 321 338 339 339
227 226 228 228 232 232 231 233 248 247 249 249 253 253 252 254 312 311 313 313 317 317 316 318 333 332 334 334 338 338 337 339
229 226 226 230 234 231 231 235 250 247 247 251 255 252 252 256 314 311 311 315 319 316 316 320 335 332 332 336 340 337 337 341
229 229 230 230 234 234 235 235 250 250 251 251 255 255 256 256 314 314 315 315 319 319 320 320 335 335 336 336 340 340 341 341
